#HM(0) Med_All(1) Err+(2) Err-(3) Med_Cen(4) Err+(5) Err-(6) Med_Cen_SF(7) Err+(8) Err-(9) Med_Cen_Q(10) Err+(11) Err-(12) Med_Sat(13) Err+(14) Err-(15) Med_SF(16) Err+(17) Err-(18) Med_Q(19) Err+(20) Err-(21) True_Med_All(22) Err+(23) Err-(24) True_Cen(25) Err+(26) Err-(27) True_Cen_SF(28) Err+(29) Err-(30) True_Cen_Q(31) Err+(32) Err-(33) True_Sat(34) Err+(35) Err-(36) True_SF(37) Err+(38) Err-(39) True_Q(40) Err+(41) Err-(42) 
9.100000 -4.486741 0.145629 0.006200 -4.486814 0.143499 0.006139 -4.486814 0.143499 0.006139 0.000000 0.000000 0.000000 -4.435987 0.269335 0.055687 -4.486741 0.145629 0.006200 0.000000 0.000000 0.000000 -4.485472 0.133592 0.007444 -4.485556 0.131474 0.007376 -4.485556 0.131474 0.007353 0.000000 0.000000 0.000000 -4.418526 0.252624 0.071491 -4.485472 0.133592 0.007420 0.000000 0.000000 0.000000
9.300000 -4.409581 0.273080 0.075626 -4.412424 0.272995 0.074005 -4.412424 0.272995 0.073030 0.000000 0.000000 0.000000 -4.180429 0.285662 0.151935 -4.409581 0.273080 0.074442 0.000000 0.000000 0.000000 -4.387826 0.252640 0.088051 -4.390598 0.251945 0.086663 -4.390598 0.251945 0.080027 0.000000 0.000000 0.000000 -4.151220 0.249391 0.142533 -4.387826 0.252640 0.081223 0.000000 0.000000 0.000000
9.500000 -4.087452 0.259204 0.144844 -4.096136 0.258605 0.144704 -4.096136 0.258605 0.135676 0.000000 0.000000 0.000000 -3.795494 0.248638 0.146945 -4.087452 0.259204 0.135962 0.000000 0.000000 0.000000 -4.058470 0.223467 0.129526 -4.066954 0.223704 0.128366 -4.066954 0.223704 0.116800 0.000000 0.000000 0.000000 -3.764029 0.216682 0.119628 -4.058470 0.223467 0.117314 0.000000 0.000000 0.000000
9.700000 -3.659962 0.234018 0.129566 -3.670928 0.234330 0.129289 -3.670928 0.234330 0.129289 0.000000 0.000000 0.000000 -3.446332 0.229341 0.134679 -3.659962 0.234018 0.129566 0.000000 0.000000 0.000000 -3.633051 0.201850 0.097971 -3.643661 0.203111 0.097889 -3.643661 0.203111 0.097507 0.000000 0.000000 0.000000 -3.415788 0.194099 0.113654 -3.633051 0.201849 0.097971 0.000000 0.000000 0.000000
9.900000 -3.344457 0.218443 0.117441 -3.355477 0.218777 0.116760 -3.355477 0.218777 0.115052 0.000000 0.000000 0.000000 -3.199438 0.200728 0.108465 -3.344458 0.218444 0.115402 0.000000 0.000000 0.000000 -3.315734 0.177380 0.093010 -3.326321 0.178412 0.092830 -3.326321 0.178412 0.092830 0.000000 0.000000 0.000000 -3.167781 0.187709 0.097559 -3.315734 0.177380 0.093010 0.000000 0.000000 0.000000
10.100000 -3.158599 0.187027 0.096647 -3.177658 0.192111 0.098495 -3.177658 0.192111 0.098496 0.000000 0.000000 0.000000 -2.985307 0.172374 0.094488 -3.158599 0.187026 0.096648 0.000000 0.000000 0.000000 -3.131138 0.164196 0.087101 -3.148369 0.164684 0.089666 -3.148369 0.164684 0.089666 0.000000 0.000000 0.000000 -2.956910 0.160670 0.085857 -3.131138 0.163973 0.087103 0.000000 0.000000 0.000000
10.300000 -3.021382 0.156577 0.087011 -3.043872 0.156885 0.086936 -3.043872 0.156885 0.086936 0.000000 0.000000 0.000000 -2.877159 0.141805 0.085713 -3.021382 0.156577 0.087011 0.000000 0.000000 0.000000 -2.993946 0.145289 0.077899 -3.014285 0.144122 0.077990 -3.014285 0.144122 0.077990 0.000000 0.000000 0.000000 -2.847458 0.136876 0.092317 -2.993946 0.145289 0.077904 0.000000 0.000000 0.000000
10.500000 -2.897889 0.129415 0.077177 -2.915243 0.130641 0.076308 -2.915243 0.130641 0.076134 0.000000 0.000000 0.000000 -2.769363 0.120939 0.082378 -2.897889 0.129415 0.075007 0.000000 0.000000 0.000000 -2.870927 0.116816 0.072581 -2.886379 0.117012 0.072261 -2.886379 0.117012 0.072261 0.000000 0.000000 0.000000 -2.744344 0.116519 0.083977 -2.870927 0.116816 0.072581 0.000000 0.000000 0.000000
10.700000 -2.767535 0.111097 0.070558 -2.780622 0.113202 0.072633 -2.780622 0.113202 0.066781 0.000000 0.000000 0.000000 -2.653015 0.098025 0.061024 -2.767535 0.111097 0.069151 0.000000 0.000000 0.000000 -2.739979 0.094609 0.065900 -2.751176 0.093654 0.067625 -2.751176 0.093800 0.062330 0.000000 0.000000 0.000000 -2.627584 0.087134 0.078582 -2.739979 0.094609 0.063588 0.000000 0.000000 0.000000
10.900000 -2.630041 0.089337 0.059183 -2.639127 0.089772 0.060487 -2.639127 0.089772 0.056366 0.000000 0.000000 0.000000 -2.537899 0.081463 0.056586 -2.630041 0.089337 0.056191 0.000000 0.000000 2.503082 -2.606854 0.071714 0.057965 -2.615524 0.071754 0.059450 -2.615524 0.072641 0.059450 0.000000 0.000000 0.000000 -2.513525 0.071270 0.060926 -2.606854 0.072777 0.057965 0.000000 0.000000 2.493178
11.100000 -2.501527 0.069048 0.052775 -2.509872 0.068748 0.052455 -2.509872 0.069256 0.051317 0.000000 0.000000 0.000000 -2.420190 0.066445 0.054210 -2.501527 0.069308 0.052239 0.000000 0.000000 2.307579 -2.477201 0.059896 0.065567 -2.484593 0.058840 0.065294 -2.484593 0.060344 0.064794 0.000000 0.000000 0.000000 -2.386982 0.059762 0.064643 -2.477201 0.060674 0.064405 0.000000 0.000000 2.360891
11.300000 -2.376102 0.056582 0.064512 -2.380181 0.056540 0.064440 -2.380208 0.056567 0.059305 0.000000 0.000000 2.252164 -2.316672 0.049663 0.073282 -2.376128 0.056608 0.058349 0.000000 0.000000 2.234995 -2.346259 0.051326 0.070409 -2.351035 0.051462 0.069569 -2.351013 0.054729 0.064126 0.000000 0.000000 2.263643 -2.289094 0.051490 0.074087 -2.346238 0.054358 0.065149 0.000000 0.000000 2.235224
11.500000 -2.237362 0.038823 0.076967 -2.241359 0.037827 0.076812 -2.241359 0.040666 0.071402 0.000000 0.000000 2.285207 -2.173786 0.044088 0.072603 -2.237243 0.040555 0.071765 0.000000 0.000000 2.327777 -2.218055 0.040013 0.088946 -2.220828 0.039496 0.088717 -2.220828 0.041641 0.084765 0.000000 0.000000 2.248582 -2.143479 0.029425 0.114562 -2.217978 0.041465 0.085212 0.000000 0.000000 2.276957
11.700000 -2.104139 0.030052 0.092236 -2.105829 0.027473 0.093386 -2.105689 0.029285 0.089169 0.000000 0.000000 2.213825 -2.028647 0.036719 0.091281 -2.103911 0.031334 0.088529 0.000000 0.000000 2.176561 -2.080154 0.034267 0.116296 -2.083420 0.034406 0.115772 -2.083041 0.036131 0.116151 0.000000 0.000000 2.124767 -2.010693 0.033328 0.119853 -2.079776 0.035465 0.116674 0.000000 0.000000 2.119006
11.900000 -1.998621 0.013168 0.119746 -2.003057 0.013011 0.118940 -2.002704 0.014168 0.116511 0.000000 0.000000 1.914142 -1.957114 0.018070 0.129946 -1.999956 0.016427 0.117502 0.000000 0.000000 1.942439 -1.963212 0.023018 0.141572 -1.964672 0.023548 0.141196 -1.963906 0.027631 0.141962 0.000000 0.000000 1.923300 -1.910078 0.034711 0.145797 -1.962869 0.028056 0.139116 0.000000 0.000000 1.929081
12.100000 -1.794052 -0.000566 0.163201 -1.798062 0.000000 0.156039 -1.798262 0.029914 0.153522 0.000000 0.000000 1.800000 -1.570000 0.040000 0.130000 -1.794205 0.023197 0.158687 0.000000 0.000000 1.750000 -1.811160 0.025861 0.171849 -1.813167 0.027596 0.167459 -1.814086 0.041066 0.166048 0.000000 0.000000 1.810450 -1.760000 0.020000 0.160000 -1.811475 0.037323 0.171534 0.000000 0.000000 1.840710
12.300000 -1.827230 0.064657 0.180305 -1.831101 0.057545 0.180200 -1.808352 0.066086 0.196686 0.000000 0.000000 0.000000 0.000000 0.000000 0.000000 -1.809711 0.074976 0.187153 0.000000 0.000000 0.000000 -1.846182 0.042761 0.192452 -1.849617 0.037489 0.189016 -1.844023 0.041158 0.193923 0.000000 0.000000 0.000000 0.000000 0.000000 0.000000 -1.844351 0.047534 0.191227 0.000000 0.000000 0.000000
12.500000 -1.939552 0.176525 0.189969 -1.939552 0.176525 0.189969 -1.939552 0.482865 0.177518 0.000000 0.000000 0.000000 0.000000 0.000000 0.000000 -1.939552 0.482865 0.177518 0.000000 0.000000 0.000000 -1.861411 0.159460 0.263160 -1.861411 0.159460 0.263160 -1.861411 0.363432 0.258589 0.000000 0.000000 0.000000 0.000000 0.000000 0.000000 -1.861411 0.363432 0.258589 0.000000 0.000000 0.000000
12.700000 0.000000 0.000000 0.000000 0.000000 0.000000 0.000000 0.000000 0.000000 0.000000 0.000000 0.000000 0.000000 0.000000 0.000000 0.000000 0.000000 0.000000 0.000000 0.000000 0.000000 0.000000 0.000000 0.000000 0.000000 0.000000 0.000000 0.000000 0.000000 0.000000 0.000000 0.000000 0.000000 0.000000 0.000000 0.000000 0.000000 0.000000 0.000000 0.000000 0.000000 0.000000 0.000000
12.900000 0.000000 0.000000 0.000000 0.000000 0.000000 0.000000 0.000000 0.000000 0.000000 0.000000 0.000000 0.000000 0.000000 0.000000 0.000000 0.000000 0.000000 0.000000 0.000000 0.000000 0.000000 0.000000 0.000000 0.000000 0.000000 0.000000 0.000000 0.000000 0.000000 0.000000 0.000000 0.000000 0.000000 0.000000 0.000000 0.000000 0.000000 0.000000 0.000000 0.000000 0.000000 0.000000
13.100000 0.000000 0.000000 0.000000 0.000000 0.000000 0.000000 0.000000 0.000000 0.000000 0.000000 0.000000 0.000000 0.000000 0.000000 0.000000 0.000000 0.000000 0.000000 0.000000 0.000000 0.000000 0.000000 0.000000 0.000000 0.000000 0.000000 0.000000 0.000000 0.000000 0.000000 0.000000 0.000000 0.000000 0.000000 0.000000 0.000000 0.000000 0.000000 0.000000 0.000000 0.000000 0.000000
13.300000 0.000000 0.000000 0.000000 0.000000 0.000000 0.000000 0.000000 0.000000 0.000000 0.000000 0.000000 0.000000 0.000000 0.000000 0.000000 0.000000 0.000000 0.000000 0.000000 0.000000 0.000000 0.000000 0.000000 0.000000 0.000000 0.000000 0.000000 0.000000 0.000000 0.000000 0.000000 0.000000 0.000000 0.000000 0.000000 0.000000 0.000000 0.000000 0.000000 0.000000 0.000000 0.000000
13.500000 0.000000 0.000000 0.000000 0.000000 0.000000 0.000000 0.000000 0.000000 0.000000 0.000000 0.000000 0.000000 0.000000 0.000000 0.000000 0.000000 0.000000 0.000000 0.000000 0.000000 0.000000 0.000000 0.000000 0.000000 0.000000 0.000000 0.000000 0.000000 0.000000 0.000000 0.000000 0.000000 0.000000 0.000000 0.000000 0.000000 0.000000 0.000000 0.000000 0.000000 0.000000 0.000000
13.700000 0.000000 0.000000 0.000000 0.000000 0.000000 0.000000 0.000000 0.000000 0.000000 0.000000 0.000000 0.000000 0.000000 0.000000 0.000000 0.000000 0.000000 0.000000 0.000000 0.000000 0.000000 0.000000 0.000000 0.000000 0.000000 0.000000 0.000000 0.000000 0.000000 0.000000 0.000000 0.000000 0.000000 0.000000 0.000000 0.000000 0.000000 0.000000 0.000000 0.000000 0.000000 0.000000
13.900000 0.000000 0.000000 0.000000 0.000000 0.000000 0.000000 0.000000 0.000000 0.000000 0.000000 0.000000 0.000000 0.000000 0.000000 0.000000 0.000000 0.000000 0.000000 0.000000 0.000000 0.000000 0.000000 0.000000 0.000000 0.000000 0.000000 0.000000 0.000000 0.000000 0.000000 0.000000 0.000000 0.000000 0.000000 0.000000 0.000000 0.000000 0.000000 0.000000 0.000000 0.000000 0.000000
14.100000 0.000000 0.000000 0.000000 0.000000 0.000000 0.000000 0.000000 0.000000 0.000000 0.000000 0.000000 0.000000 0.000000 0.000000 0.000000 0.000000 0.000000 0.000000 0.000000 0.000000 0.000000 0.000000 0.000000 0.000000 0.000000 0.000000 0.000000 0.000000 0.000000 0.000000 0.000000 0.000000 0.000000 0.000000 0.000000 0.000000 0.000000 0.000000 0.000000 0.000000 0.000000 0.000000
14.300000 0.000000 0.000000 0.000000 0.000000 0.000000 0.000000 0.000000 0.000000 0.000000 0.000000 0.000000 0.000000 0.000000 0.000000 0.000000 0.000000 0.000000 0.000000 0.000000 0.000000 0.000000 0.000000 0.000000 0.000000 0.000000 0.000000 0.000000 0.000000 0.000000 0.000000 0.000000 0.000000 0.000000 0.000000 0.000000 0.000000 0.000000 0.000000 0.000000 0.000000 0.000000 0.000000
14.500000 0.000000 0.000000 0.000000 0.000000 0.000000 0.000000 0.000000 0.000000 0.000000 0.000000 0.000000 0.000000 0.000000 0.000000 0.000000 0.000000 0.000000 0.000000 0.000000 0.000000 0.000000 0.000000 0.000000 0.000000 0.000000 0.000000 0.000000 0.000000 0.000000 0.000000 0.000000 0.000000 0.000000 0.000000 0.000000 0.000000 0.000000 0.000000 0.000000 0.000000 0.000000 0.000000
14.700000 0.000000 0.000000 0.000000 0.000000 0.000000 0.000000 0.000000 0.000000 0.000000 0.000000 0.000000 0.000000 0.000000 0.000000 0.000000 0.000000 0.000000 0.000000 0.000000 0.000000 0.000000 0.000000 0.000000 0.000000 0.000000 0.000000 0.000000 0.000000 0.000000 0.000000 0.000000 0.000000 0.000000 0.000000 0.000000 0.000000 0.000000 0.000000 0.000000 0.000000 0.000000 0.000000
14.900000 0.000000 0.000000 0.000000 0.000000 0.000000 0.000000 0.000000 0.000000 0.000000 0.000000 0.000000 0.000000 0.000000 0.000000 0.000000 0.000000 0.000000 0.000000 0.000000 0.000000 0.000000 0.000000 0.000000 0.000000 0.000000 0.000000 0.000000 0.000000 0.000000 0.000000 0.000000 0.000000 0.000000 0.000000 0.000000 0.000000 0.000000 0.000000 0.000000 0.000000 0.000000 0.000000
15.100000 0.000000 0.000000 0.000000 0.000000 0.000000 0.000000 0.000000 0.000000 0.000000 0.000000 0.000000 0.000000 0.000000 0.000000 0.000000 0.000000 0.000000 0.000000 0.000000 0.000000 0.000000 0.000000 0.000000 0.000000 0.000000 0.000000 0.000000 0.000000 0.000000 0.000000 0.000000 0.000000 0.000000 0.000000 0.000000 0.000000 0.000000 0.000000 0.000000 0.000000 0.000000 0.000000
15.300000 0.000000 0.000000 0.000000 0.000000 0.000000 0.000000 0.000000 0.000000 0.000000 0.000000 0.000000 0.000000 0.000000 0.000000 0.000000 0.000000 0.000000 0.000000 0.000000 0.000000 0.000000 0.000000 0.000000 0.000000 0.000000 0.000000 0.000000 0.000000 0.000000 0.000000 0.000000 0.000000 0.000000 0.000000 0.000000 0.000000 0.000000 0.000000 0.000000 0.000000 0.000000 0.000000
15.500000 0.000000 0.000000 0.000000 0.000000 0.000000 0.000000 0.000000 0.000000 0.000000 0.000000 0.000000 0.000000 0.000000 0.000000 0.000000 0.000000 0.000000 0.000000 0.000000 0.000000 0.000000 0.000000 0.000000 0.000000 0.000000 0.000000 0.000000 0.000000 0.000000 0.000000 0.000000 0.000000 0.000000 0.000000 0.000000 0.000000 0.000000 0.000000 0.000000 0.000000 0.000000 0.000000
15.700000 0.000000 0.000000 0.000000 0.000000 0.000000 0.000000 0.000000 0.000000 0.000000 0.000000 0.000000 0.000000 0.000000 0.000000 0.000000 0.000000 0.000000 0.000000 0.000000 0.000000 0.000000 0.000000 0.000000 0.000000 0.000000 0.000000 0.000000 0.000000 0.000000 0.000000 0.000000 0.000000 0.000000 0.000000 0.000000 0.000000 0.000000 0.000000 0.000000 0.000000 0.000000 0.000000
15.900000 0.000000 0.000000 0.000000 0.000000 0.000000 0.000000 0.000000 0.000000 0.000000 0.000000 0.000000 0.000000 0.000000 0.000000 0.000000 0.000000 0.000000 0.000000 0.000000 0.000000 0.000000 0.000000 0.000000 0.000000 0.000000 0.000000 0.000000 0.000000 0.000000 0.000000 0.000000 0.000000 0.000000 0.000000 0.000000 0.000000 0.000000 0.000000 0.000000 0.000000 0.000000 0.000000
